# Created by Octave 5.2.0, Tue Apr 21 13:00:10 2020 GMT <unknown@Makina>
# name: all_theta
# type: matrix
# rows: 10
# columns: 401
 -3.0918865374631168 0 0 0.00010320606128668806 -0.00095403302887119067 -0.0010385091463031776 0.0020425427266892596 -0.023959315448268889 -0.0052497444568957649 0.00082351054636304883 0.00044890551391163442 4.6350792713541695e-05 0.00058059243125049799 0.0026646275394065898 0.0017975686139922293 0.003081979290081555 0.0039388339957315529 0.00033311616452944866 -5.6450578725563772e-05 -5.9488730521096043e-08 0 -1.0753995938877099e-08 7.0520328161088217e-06 -0.0012781902839263967 0.01101296959837963 0.012503067976300805 0.0026860824792132127 -0.033121953494551631 -0.0054850536870847903 0.0031354639060027041 -0.0079439654122897083 -0.00086246926992489346 -0.006659751736277854 -0.028960202535242799 -0.013130753900964045 -0.024127767990338108 -0.033704742356104003 0.0092716110972769685 0.01199724230194312 0.00013361406721286808 0.0001273021407436593 8.6992564667134581e-08 -0.00038002083337766761 0.00043733553596300934 0.036195141007101098 0.077640654273409271 0.11790104196147884 0.12772629355088252 -0.035829957188579779 -0.076075574208055829 -0.014087978418314833 -0.037100077381069262 -0.0080760108282639104 -0.10787967323883495 -0.23002567169186777 -0.30534303476532465 -0.17374565073974774 -0.0017237333600398333 0.060303712754680987 3.9524234964831794e-05 -0.00017519168044447352 4.3843108955990791e-07 0.0024015373691554749 0.0025635589898012467 -0.26187930917978303 -0.7337882902175491 -1.073952310507891 -1.4034486394810153 -0.7505701191866998 -0.93471527021115031 -0.13605188219442843 0.36564293157998029 -0.12902796716174933 0.022794808813413909 -0.55543189383653957 -0.73522506775102325 -1.2140225585347453 -1.8907051985270904 -1.817312635596237 -0.0067700457031803695 -0.013735703300252774 9.6977842028623539e-07 0.010442461559003599 -0.077615969944742569 -0.2807363602517769 -0.48614668824265367 -3.5136360918377085 -2.5118417312668724 0.054424808996291062 1.5135128982303427 2.1739046348721578 -0.14608656944644341 -0.55455121569067911 0.43287712636251963 -0.85473044950507693 -1.3193748456365078 1.7018792487829462 -0.0026670013913064282 -1.4181095032363971 -0.17406954565829846 -0.030698391740694761 -1.1253892943048749e-05 -0.017263328438993687 -0.20078223643000334 1.8937240098709378 0.061483638375805838 -0.64263335394252774 -1.5609041708529032 -1.3059455784470864 2.3514143272794943 1.6598127887633709 -2.4243116303812235 -1.3713713119775892 0.20624804879335923 -1.3570737388581244 -1.9824529445701509 3.9753450939171238 0.97187989502069272 -3.0685328102295077 -0.54404900244308374 -0.04532957401304559 -0.00015782354407350144 0.012876812532092033 -0.95091837305409888 -0.28876628963135459 -0.87626959323735143 -1.2321499912906695 -0.33327287637942532 -1.1491300615580851 -0.7926940330916572 -1.3578025190655096 -1.139569337705288 -0.68507193269084565 -0.0078967753863574911 -0.87094108579253793 -1.8969250925023282 -1.8333741875594363 0.0058342689005969018 -1.727646347668151 -1.0481726917202032 -0.02661897214429056 -0.0008258795898444946 0.043585392694944297 -1.7033052292783819 -2.8248753647385842 -0.77449307167175807 -1.0432579626052207 -0.074551673253019965 -0.68327077549535287 0.82306146434750949 -2.2492392193640183 -2.2994536024382666 -1.3511587825175526 -2.8995603060388997 1.323747636370221 2.1860560125369659 -0.77711733231730118 -0.16397777314419254 -0.0076699038857623589 -2.5419837316078184 0.024234582869824363 0.021647225231343374 -0.28461905071782195 -1.3177778477617721 -0.20470696418524886 -2.234438442689175 -1.3275907837243484 -0.17635412877715426 0.032633050209925039 -0.38381759216892858 -2.1361849260624863 -0.41032391162564452 1.0233786272951368 -0.54408719108857517 -2.3540531291142828 0.39961525979336993 0.055480589941236932 -0.86858408217290828 -1.5957192912950025 -2.9904186352767583 -0.43419109120380844 0.045379501381373415 -0.51311110486186229 -0.29400875249204184 -0.87383567537811935 -0.55102701523251418 -0.22603698553704443 -0.38116179856498728 0.24918692806790693 0.42152336238871052 0.50229102109383494 0.96765716571551152 0.53157485563178386 1.0429378917114647 0.69299851891096609 0.052971842160927145 -1.4648772601692233 -0.30460762655040546 -0.55862167175357402 -2.297762640345745 -0.11659316063327496 0.030495886820792156 -0.28212974483014591 0.65291502083710695 -1.5510654534341379 -2.6272704648415801 0.49336197859128794 -0.32341497605719888 0.65026065230123453 2.7961222909375505 2.9964926565639081 2.0729880179136653 2.4475081498012812 -0.32783999269969843 1.6501300154177871 -0.30293405408810153 0.30377358118752834 -0.38633114203769303 -1.2576998646663113 -1.5849648745520235 0.062076385930925973 0.014719369582585072 -0.22488494734401926 0.20344170291977631 2.6525847646059986 0.46168322068814355 -0.60890121613112813 -1.0305807485807039 2.0839661541389547 1.3278047270691948 0.68315464430817019 -1.171636542538433 0.033914177988132517 -1.9092936203568613 -1.1726532083892947 0.70491919605869069 0.920889985165535 0.72921021660214425 -2.9711940527834257 -1.9249999347965212 -0.062484325583156641 0.02679914454934856 -0.24008029096685068 -2.4144485656194101 -2.7929583594390528 -1.5527908132645198 -2.0783292846766419 -0.47279440886328128 0.22185251991332 0.034817373533859011 0.11050301408629047 0.83800041339004083 1.3073450850671535 -0.89810193830285268 -0.65217976124637367 -1.278186107449123 -1.237967474748739 2.4346627482548837 1.0420995205160544 -1.1024790029300349 -0.13743831695472183 0.015599388263275872 -0.23039369301689991 -0.82038950132286592 1.6725569301887284 0.6840702671297797 2.0553595755004421 -1.0468699272881001 -1.2872086231615663 1.7854949111285709 -1.3817503630955978 -1.1976744159898376 -2.502432635661703 -1.4019802336961968 1.2500968896893756 1.6472182283458339 -0.90690449635146753 1.0511240801109762 0.20717958894810531 -0.92592443699341653 -0.035512115073995869 0.0021506465663651509 -0.0042759705020441125 -0.67744250660962446 -0.90393268999552645 -0.071150410730148314 -0.71052239211659163 -1.2211895616148589 -0.78002413974932039 -2.5343639902560797 -2.1620301084778704 -0.99372114617062279 -1.933224691723046 -1.1910935283107165 2.0924350334699637 -1.0326522769529163 -0.062123536635599289 2.6742205684227605 -1.6096093458448686 -0.74599439718335347 -0.053718793088693206 -0.00015639153141563673 0.015110025635809533 -0.19699809091864534 -0.85987591684558073 -0.8537927943228294 1.1080974656824771 -0.28091732160425958 -1.6510777257525016 -1.2783926414874727 -0.9206947681411829 -1.259823922117298 -1.7235290549498681 -1.6305642976392807 -1.5134801821653658 -0.49725697952920628 0.59197968781524934 0.051919496405791306 -1.7957453626874771 -0.018358860875384891 -0.012528116454115975 -9.7873876905239014e-06 -0.01238640357974655 0.063582749184247486 0.95354900995425784 -1.1197996502817518 -1.2076859294016193 -1.3091272905493645 -1.0697899514503801 -0.40960305372222583 -0.26699758462023154 -0.11190263897155658 -0.2012778246413312 -0.81486819589817927 0.54614405185618997 0.83701980030769285 -0.37806739015527491 -0.85974054781118436 -0.43039218388363976 -0.0093965089360047126 -0.012769171861541686 6.2489417262119839e-06 -0.0049028363806467709 0.032742346865447636 0.33548442651368648 -1.2619094074436532 -1.566316120651007 -0.68361837275057935 0.087875460558089633 0.046278070144167759 -0.23222004094169083 -0.0079942849506027935 -0.082806306454615591 -0.25213221469909458 0.75069551480209407 2.6729444620678833 2.8912737812681244 0.72675972356627483 -0.23397332568089951 -0.010761344339540194 -0.00066230755451804585 -2.1864335479217483e-07 0.00059948588648978552 0.0042557077201322542 -0.088673615474669065 -0.43034558466621636 -0.12604958037090774 -0.15930876382993062 0.77698867033577601 0.60727379373182877 -0.12001998692467998 0.32599111480086346 0.052788697281496939 -0.084745465101672579 0.0074731255239995379 0.54419789682489794 1.9878437631613677 0.53564773832764767 -0.05536710148354218 0.00064132233943400526 0.00020349498418326825 